arp
-8 -8 -15 -15 -8 -8 -15 -15 14 14 20 20 -14 -14 -13 -13 -12 -12 -13 -13 3 3 -12 -12 -13 -13 -2 -2 -1 -1 5 5 -2 -2 5 5 -14 -14 -14 -14 23 23 24 24 24 24 24 24 35 35 24 24 29 29 -13 -13 17 17 17 17 -15 -15 -14 -14 -6 -6 -6 -6 -7 -7 -11 -11 -2 -2 -14 -14 -13 -13 -13 -13 -12 -12 15 15 15 15 15 15 15 15 15 15 -13 -13 -14 -14 -14 -14 -15 -15 15 15 15 15 15 15 15 15 15 15 15 15 -12 -12 -12 -12 15 15 15 15 15 15 15 15 15 15 15 15 15 15 15 15 -12 -12 -15 -15 -10 -10 13 13 1 1 -7 -7 0 0 0 0 -7 -7 12 12 -14 -14 -14 -14 -11 -11 -10 -10 -13 -13 15 15 15 15 -12 -12 15 15 3 3 -4 -4 15 15 -4 -4 15 15 3 3 15 15 -4 -4 -4 -4 3 3 -14 -14 -15 -15 -15 -15 14 14 23 23 17 17 14 14 -13 -13 15 15 15 15 15 15 15 15 15 15 4 4 16 16 -13 -13 -1 -1 -10 -10 -11 -11 -14 -14 23 23 22 22 25 25 24 24 24 24 24 24 27 27 19 19 -15 -15 -13 -13 -9 -9 -10 -10 17 
yTL1
32 32 19 19 7 7 7 7 63 63 54 54 28 28 12 12 2 2 11 11 7 7 8 8 8 8 7 7 8 8 16 16 36 36 25 25 24 24 36 36 40 40 42 42 46 46 40 40 45 45 35 35 38 38 28 28 28 28 36 36 63 63 51 51 63 63 63 63 63 63 47 47 63 63 21 21 6 6 3 3 1 1 2 2 4 4 6 6 7 7 9 9 11 11 23 23 32 32 21 21 63 63 37 37 63 63 63 63 39 39 38 38 28 28 63 63 30 30 24 24 30 30 26 26 22 22 24 24 22 22 24 24 29 29 16 16 17 17 10 10 10 10 16 16 16 16 15 15 11 11 11 11 10 10 14 14 3 3 1 1 8 8 18 18 22 22 16 16 20 20 21 21 21 21 17 17 15 15 16 16 12 12 15 15 13 13 15 15 15 15 25 25 31 31 36 36 41 41 34 34 28 28 27 27 25 25 22 22 20 20 17 17 17 17 22 22 30 30 63 63 10 10 7 7 7 7 11 11 11 11 63 63 43 43 39 39 39 39 37 37 63 63 63 63 24 24 21 21 18 18 63 63 23 23 18 
yTL2
63 63 32 32 21 21 63 63 30 30 28 28 30 30 25 25 28 28 22 22 63 63 22 22 10 10 5 5 4 4 3 3 1 1 0 0 3 3 16 16 63 63 63 63 37 37 37 37 35 35 39 39 63 63 5 5 5 5 6 6 9 9 13 13 15 15 15 15 17 17 18 18 16 16 11 11 20 20 37 37 47 47 35 35 33 33 63 63 32 32 29 29 33 33 27 27 25 25 18 18 5 5 7 7 7 7 6 6 6 6 5 5 5 5 6 6 9 9 10 10 10 10 11 11 9 9 10 10 11 11 11 11 15 15 7 7 4 4 5 5 5 5 3 3 0 0 0 0 0 0 2 2 15 15 24 24 63 63 26 26 12 12 17 17 22 22 10 10 5 5 4 4 3 3 5 5 6 6 5 5 5 5 6 6 6 6 9 9 18 18 18 18 13 13 19 19 29 29 63 63 37 37 15 15 5 5 7 7 4 4 6 6 6 6 2 2 0 0 0 0 12 12 63 63 35 35 33 33 28 28 32 32 38 38 36 36 32 32 51 51 63 63 63 63 34 34 14 14 21 21 22 22 23 23 33 
yTL3
63 63 43 43 31 31 42 42 46 46 41 41 4 4 3 3 5 5 10 10 10 10 12 12 33 33 23 23 23 23 31 31 24 24 26 26 63 63 63 63 45 45 57 57 63 63 58 58 63 63 60 60 63 63 21 21 14 14 14 14 16 16 31 31 27 27 32 32 33 33 39 39 35 35 21 21 15 15 17 17 19 19 17 17 15 15 15 15 15 15 11 11 12 12 16 16 20 20 11 11 8 8 10 10 8 8 10 10 14 14 19 19 9 9 6 6 9 9 12 12 14 14 12 12 9 9 12 12 14 14 14 14 19 19 14 14 39 39 14 14 8 8 14 14 11 11 15 15 9 9 9 9 18 18 15 15 17 17 11 11 9 9 3 3 5 5 7 7 14 14 19 19 15 15 14 14 16 16 14 14 12 12 12 12 14 14 9 9 10 10 21 21 33 33 30 30 31 31 63 63 63 63 39 39 26 26 31 31 32 32 31 31 34 34 63 63 39 39 57 57 37 37 30 30 26 26 19 19 28 28 32 32 30 30 31 31 34 34 49 49 29 29 31 31 30 30 19 19 7 7 8 8 4 4 8 
yTL4
51 51 58 58 24 24 21 21 23 23 63 63 18 18 63 63 63 63 35 35 21 21 16 16 32 32 20 20 46 46 26 26 25 25 34 34 32 32 28 28 48 48 58 58 63 63 63 63 63 63 63 63 34 34 26 26 26 26 22 22 18 18 36 36 42 42 51 51 45 45 41 41 34 34 29 29 27 27 29 29 26 26 29 29 33 33 32 32 30 30 40 40 34 34 36 36 32 32 22 22 27 27 35 35 37 37 39 39 33 33 33 33 25 25 22 22 18 18 12 12 9 9 10 10 8 8 7 7 6 6 9 9 28 28 63 63 21 21 26 26 13 13 8 8 7 7 10 10 18 18 22 22 63 63 31 31 63 63 63 63 24 24 33 33 63 63 28 28 34 34 39 39 38 38 27 27 33 33 51 51 31 31 32 32 30 30 31 31 26 26 28 28 35 35 37 37 51 51 63 63 50 50 28 28 24 24 32 32 30 30 29 29 24 24 26 26 23 23 33 33 19 19 25 25 26 26 22 22 25 25 54 54 63 63 42 42 63 63 32 32 30 30 26 26 63 63 1 1 4 4 15 15 15 15 14 
yDM1
3 3 5 5 3 3 4 4 1 1 10 10 11 11 10 10 10 10 11 11 4 4 10 10 11 11 6 6 6 6 4 4 6 6 4 4 12 12 12 12 15 15 15 15 15 15 15 15 8 8 15 15 11 11 7 7 3 3 3 3 7 7 10 10 4 4 4 4 4 4 2 2 3 3 11 11 10 10 10 10 10 10 2 2 2 2 2 2 2 2 2 2 10 10 10 10 11 11 12 12 2 2 3 3 15 15 1 1 10 10 10 10 11 11 5 5 9 9 9 9 9 9 8 8 8 8 8 8 8 8 8 8 6 6 6 6 8 8 3 3 6 6 9 9 6 6 6 6 9 9 3 3 5 5 5 5 4 4 4 4 5 5 1 1 1 1 5 5 1 1 2 2 3 3 1 1 3 3 1 1 2 2 1 1 3 3 3 3 2 2 4 4 4 4 4 4 12 12 15 15 15 15 14 14 4 4 2 2 2 2 2 2 2 2 2 2 4 4 1 1 6 6 3 3 5 5 5 5 6 6 1 1 11 11 9 9 10 10 11 11 11 11 12 12 1 1 8 8 11 11 5 5 11 11 3 
yDM2
3 3 6 6 4 4 4 4 15 15 15 15 6 6 6 6 6 6 10 10 2 2 6 6 6 6 3 3 3 3 2 2 3 3 2 2 6 6 6 6 14 14 15 15 14 14 14 14 7 7 14 14 1 1 6 6 1 1 1 1 7 7 6 6 4 4 4 4 4 4 5 5 3 3 6 6 6 6 6 6 6 6 11 11 12 12 1 1 13 13 10 10 11 11 6 6 6 6 6 6 1 1 1 1 1 1 1 1 1 1 1 1 5 5 5 5 1 1 1 1 1 1 1 1 1 1 1 1 1 1 1 1 5 5 5 5 4 4 1 1 2 2 3 3 2 2 2 2 3 3 1 1 4 4 4 4 4 4 9 9 11 11 3 3 3 3 15 15 3 3 6 6 9 9 3 3 9 9 3 3 6 6 3 3 9 9 9 9 6 6 5 5 5 5 5 5 1 1 1 1 1 1 1 1 5 5 1 1 1 1 1 1 1 1 1 1 2 2 1 1 5 5 3 3 4 4 13 13 11 11 13 13 15 15 13 13 14 14 14 14 13 13 1 1 2 2 14 14 13 13 14 14 15 15 14 
yDM3
3 3 9 9 5 5 3 3 2 2 1 1 5 5 5 5 5 5 5 5 2 2 5 5 5 5 9 9 9 9 6 6 9 9 6 6 6 6 6 6 14 14 13 13 15 15 13 13 7 7 1 1 1 1 5 5 2 2 2 2 6 6 5 5 3 3 3 3 3 3 4 4 2 2 5 5 5 5 5 5 5 5 1 1 1 1 1 1 1 1 1 1 5 5 5 5 10 10 11 11 2 2 2 2 2 2 2 2 2 2 2 2 10 10 10 10 2 2 2 2 2 2 2 2 2 2 2 2 2 2 2 2 10 10 11 11 9 9 2 2 4 4 6 6 4 4 4 4 6 6 2 2 9 9 10 10 8 8 8 8 10 10 2 2 2 2 10 10 2 2 4 4 6 6 2 2 6 6 2 2 4 4 2 2 6 6 6 6 4 4 10 10 10 10 10 10 2 2 1 1 1 1 15 15 10 10 10 10 10 10 10 10 10 10 1 1 14 14 7 7 15 15 8 8 10 10 10 10 12 12 11 11 12 12 10 10 11 11 12 12 13 13 11 11 15 15 13 13 12 12 10 10 10 10 2 
yDM4
1 1 10 10 6 6 8 8 1 1 1 1 4 4 10 10 10 10 15 15 6 6 15 15 15 15 12 12 12 12 8 8 12 12 8 8 5 5 5 5 1 1 1 1 1 1 1 1 7 7 15 15 1 1 12 12 4 4 4 4 13 13 11 11 7 7 8 8 8 8 10 10 15 15 10 10 11 11 11 11 15 15 3 3 3 3 3 3 3 3 3 3 15 15 11 11 12 12 13 13 10 10 14 14 15 15 15 15 15 15 3 3 15 15 15 15 3 3 3 3 3 3 3 3 3 3 3 3 3 3 3 3 15 15 5 5 12 12 8 8 8 8 12 12 8 8 8 8 12 12 4 4 5 5 6 6 4 4 8 8 4 4 4 4 2 2 11 11 13 13 8 8 12 12 4 4 12 12 15 15 12 12 6 6 15 15 15 15 8 8 9 9 14 14 6 6 3 3 1 1 2 2 2 2 6 6 3 3 3 3 3 3 3 3 3 3 6 6 3 3 11 11 9 9 15 15 9 9 7 7 1 1 1 1 12 12 14 14 15 15 15 15 12 12 1 1 7 7 6 6 5 5 5 5 1 
arp
17 17 17 -11 -11 17 17 17 17 -2 -2 17 17 17 17 -2 -2 17 17 -2 -2 17 17 -2 -2 -2 -2 5 5 -2 -2 5 5 5 5 6 6 5 5 -9 -9 -7 -7 -2 -2 -11 -11 -2 -2 17 17 -11 -11 5 5 -11 -11 -11 -11 5 5 -11 -11 5 5 18 18 17 17 18 18 17 17 19 19 17 17 17 17 16 16 17 17 5 5 16 16 -8 -8 -12 -12 0 0 0 0 0 0 0 0 0 0 0 0 0 0 0 0 0 0 0 0 0 0 0 0 0 0 0 0 0 0 0 0 0 0 0 0 0 0 0 0 0 0 0 0 0 0 0 0 0 0 0 0 0 0 0 0 0 0 0 0 0 0 0 0 0 0 0 0 0 0 0 0 0 0 0 0 0 0 0 0 0 0 0 0 0 0 0 0 0 0 0 0 0 0 0 0 0 0 0 0 0 0 0 0 0 0 0 0 0 0 0 0 0 0 0 0 0 0 0 0 0 0 0 0 0 0 0 0 0 0 0 0 0 0 0 0 0 0 0 0 0 0 0 0 0 0 0 0 0 0 0 0 0 0 0 0 0 0 0 0 0 0 0 0 
yTL1
18 14 14 13 13 22 22 21 21 23 23 25 25 16 16 16 16 17 17 19 19 20 20 18 18 19 19 23 23 30 30 33 33 63 63 49 49 63 63 38 38 39 39 39 39 42 42 45 45 45 45 47 47 49 49 51 51 50 50 53 53 51 51 50 50 63 63 48 48 51 51 48 48 45 45 63 63 51 51 43 43 44 44 46 46 45 45 56 56 59 59 0 0 0 0 0 0 0 0 0 0 0 0 0 0 0 0 0 0 0 0 0 0 0 0 0 0 0 0 0 0 0 0 0 0 0 0 0 0 0 0 0 0 0 0 0 0 0 0 0 0 0 0 0 0 0 0 0 0 0 0 0 0 0 0 0 0 0 0 0 0 0 0 0 0 0 0 0 0 0 0 0 0 0 0 0 0 0 0 0 0 0 0 0 0 0 0 0 0 0 0 0 0 0 0 0 0 0 0 0 0 0 0 0 0 0 0 0 0 0 0 0 0 0 0 0 0 0 0 0 0 0 0 0 0 0 0 0 0 0 0 0 0 0 0 0 0 0 0 0 0 0 0 0 0 0 0 0 0 0 0 0 0 0 0 
yTL2
33 30 30 25 25 35 35 28 28 28 28 28 28 25 25 24 24 26 26 26 26 27 27 34 34 41 41 39 39 46 46 49 49 34 34 34 34 29 29 63 63 46 46 45 45 42 42 49 49 47 47 55 55 48 48 44 44 47 47 45 45 45 45 44 44 48 48 63 63 41 41 45 45 43 43 43 43 39 39 58 58 63 63 61 61 63 63 56 56 57 57 0 0 0 0 0 0 0 0 0 0 0 0 0 0 0 0 0 0 0 0 0 0 0 0 0 0 0 0 0 0 0 0 0 0 0 0 0 0 0 0 0 0 0 0 0 0 0 0 0 0 0 0 0 0 0 0 0 0 0 0 0 0 0 0 0 0 0 0 0 0 0 0 0 0 0 0 0 0 0 0 0 0 0 0 0 0 0 0 0 0 0 0 0 0 0 0 0 0 0 0 0 0 0 0 0 0 0 0 0 0 0 0 0 0 0 0 0 0 0 0 0 0 0 0 0 0 0 0 0 0 0 0 0 0 0 0 0 0 0 0 0 0 0 0 0 0 0 0 0 0 0 0 0 0 0 0 0 0 0 0 0 0 0 0 
yTL3
8 11 11 7 7 4 4 3 3 2 2 3 3 4 4 6 6 6 6 4 4 4 4 5 5 6 6 6 6 6 6 8 8 14 14 20 20 22 22 20 20 26 26 25 25 25 25 25 25 26 26 31 31 34 34 36 36 36 36 34 34 33 33 38 38 40 40 45 45 53 53 60 60 54 54 52 52 51 51 51 51 63 63 48 48 45 45 56 56 48 48 0 0 0 0 0 0 0 0 0 0 0 0 0 0 0 0 0 0 0 0 0 0 0 0 0 0 0 0 0 0 0 0 0 0 0 0 0 0 0 0 0 0 0 0 0 0 0 0 0 0 0 0 0 0 0 0 0 0 0 0 0 0 0 0 0 0 0 0 0 0 0 0 0 0 0 0 0 0 0 0 0 0 0 0 0 0 0 0 0 0 0 0 0 0 0 0 0 0 0 0 0 0 0 0 0 0 0 0 0 0 0 0 0 0 0 0 0 0 0 0 0 0 0 0 0 0 0 0 0 0 0 0 0 0 0 0 0 0 0 0 0 0 0 0 0 0 0 0 0 0 0 0 0 0 0 0 0 0 0 0 0 0 0 0 
yTL4
14 22 22 24 24 17 17 19 19 24 24 48 48 24 24 25 25 32 32 25 25 26 26 24 24 21 21 19 19 16 16 15 15 15 15 25 25 17 17 26 26 28 28 32 32 28 28 28 28 28 28 31 31 32 32 39 39 40 40 39 39 49 49 46 46 52 52 43 43 43 43 42 42 42 42 34 34 31 31 32 32 46 46 45 45 63 63 62 62 58 58 0 0 0 0 0 0 0 0 0 0 0 0 0 0 0 0 0 0 0 0 0 0 0 0 0 0 0 0 0 0 0 0 0 0 0 0 0 0 0 0 0 0 0 0 0 0 0 0 0 0 0 0 0 0 0 0 0 0 0 0 0 0 0 0 0 0 0 0 0 0 0 0 0 0 0 0 0 0 0 0 0 0 0 0 0 0 0 0 0 0 0 0 0 0 0 0 0 0 0 0 0 0 0 0 0 0 0 0 0 0 0 0 0 0 0 0 0 0 0 0 0 0 0 0 0 0 0 0 0 0 0 0 0 0 0 0 0 0 0 0 0 0 0 0 0 0 0 0 0 0 0 0 0 0 0 0 0 0 0 0 0 0 0 0 
yDM1
3 3 3 15 15 3 3 3 3 9 9 3 3 3 3 9 9 3 3 9 9 3 3 9 9 9 9 6 6 9 9 6 6 4 4 6 6 8 8 14 14 12 12 9 9 15 15 9 9 4 4 15 15 13 13 7 7 11 11 13 13 4 4 6 6 15 15 14 14 2 2 2 2 5 5 1 1 12 12 14 14 13 13 14 14 14 14 13 13 10 10 0 0 0 0 0 0 0 0 0 0 0 0 0 0 0 0 0 0 0 0 0 0 0 0 0 0 0 0 0 0 0 0 0 0 0 0 0 0 0 0 0 0 0 0 0 0 0 0 0 0 0 0 0 0 0 0 0 0 0 0 0 0 0 0 0 0 0 0 0 0 0 0 0 0 0 0 0 0 0 0 0 0 0 0 0 0 0 0 0 0 0 0 0 0 0 0 0 0 0 0 0 0 0 0 0 0 0 0 0 0 0 0 0 0 0 0 0 0 0 0 0 0 0 0 0 0 0 0 0 0 0 0 0 0 0 0 0 0 0 0 0 0 0 0 0 0 0 0 0 0 0 0 0 0 0 0 0 0 0 0 0 0 0 0 
yDM2
14 14 14 9 9 12 12 12 12 12 12 4 4 4 4 12 12 4 4 12 12 4 4 12 12 12 12 8 8 12 12 8 8 8 8 8 8 8 8 4 4 15 15 8 8 11 11 8 8 3 3 11 11 6 6 15 15 15 15 6 6 15 15 13 13 15 15 15 15 12 12 14 14 13 13 14 14 15 15 15 15 15 15 7 7 12 12 1 1 2 2 0 0 0 0 0 0 0 0 0 0 0 0 0 0 0 0 0 0 0 0 0 0 0 0 0 0 0 0 0 0 0 0 0 0 0 0 0 0 0 0 0 0 0 0 0 0 0 0 0 0 0 0 0 0 0 0 0 0 0 0 0 0 0 0 0 0 0 0 0 0 0 0 0 0 0 0 0 0 0 0 0 0 0 0 0 0 0 0 0 0 0 0 0 0 0 0 0 0 0 0 0 0 0 0 0 0 0 0 0 0 0 0 0 0 0 0 0 0 0 0 0 0 0 0 0 0 0 0 0 0 0 0 0 0 0 0 0 0 0 0 0 0 0 0 0 0 0 0 0 0 0 0 0 0 0 0 0 0 0 0 0 0 0 0 
yDM3
2 2 2 10 10 2 2 2 2 6 6 2 2 2 2 6 6 2 2 6 6 2 2 6 6 6 6 4 4 6 6 4 4 4 4 4 4 4 4 9 9 8 8 6 6 10 10 6 6 2 2 10 10 4 4 10 10 10 10 4 4 10 10 4 4 2 2 6 6 6 6 13 13 6 6 7 7 7 7 12 12 13 13 5 5 12 12 8 8 5 5 0 0 0 0 0 0 0 0 0 0 0 0 0 0 0 0 0 0 0 0 0 0 0 0 0 0 0 0 0 0 0 0 0 0 0 0 0 0 0 0 0 0 0 0 0 0 0 0 0 0 0 0 0 0 0 0 0 0 0 0 0 0 0 0 0 0 0 0 0 0 0 0 0 0 0 0 0 0 0 0 0 0 0 0 0 0 0 0 0 0 0 0 0 0 0 0 0 0 0 0 0 0 0 0 0 0 0 0 0 0 0 0 0 0 0 0 0 0 0 0 0 0 0 0 0 0 0 0 0 0 0 0 0 0 0 0 0 0 0 0 0 0 0 0 0 0 0 0 0 0 0 0 0 0 0 0 0 0 0 0 0 0 0 0 
yDM4
1 1 1 5 5 1 1 1 1 3 3 1 1 1 1 3 3 1 1 3 3 1 1 3 3 3 3 2 2 3 3 2 2 2 2 2 2 2 2 4 4 4 4 3 3 5 5 3 3 1 1 5 5 2 2 5 5 5 5 2 2 5 5 2 2 1 1 2 2 1 1 1 1 1 1 1 1 1 1 1 1 1 1 2 2 14 14 6 6 7 7 0 0 0 0 0 0 0 0 0 0 0 0 0 0 0 0 0 0 0 0 0 0 0 0 0 0 0 0 0 0 0 0 0 0 0 0 0 0 0 0 0 0 0 0 0 0 0 0 0 0 0 0 0 0 0 0 0 0 0 0 0 0 0 0 0 0 0 0 0 0 0 0 0 0 0 0 0 0 0 0 0 0 0 0 0 0 0 0 0 0 0 0 0 0 0 0 0 0 0 0 0 0 0 0 0 0 0 0 0 0 0 0 0 0 0 0 0 0 0 0 0 0 0 0 0 0 0 0 0 0 0 0 0 0 0 0 0 0 0 0 0 0 0 0 0 0 0 0 0 0 0 0 0 0 0 0 0 0 0 0 0 0 0 0 
